-12.8366 5.2258
11.7014 -14.4196
-9.0479 0.1885
1.3248 -6.5450
10.4101 14.6577
14.5682 7.4554
-14.4123 -6.4570
-4.0679 5.7857
3.8273 -8.2985
-13.9333 -10.3416
10.6611 5.9686
5.2215 3.1759
12.9056 -1.3485
1.8594 11.4841
-14.1608 8.3994
-8.2626 -8.9019
14.2568 -6.1859
-8.8120 -1.0199
10.8442 -7.4799
-6.4949 0.7857
0.3415 -12.5453
14.4012 -12.6906
1.7601 0.3654
3.8761 -4.8938
-6.5527 -7.6023
-10.2688 -1.0591
-6.4932 4.1124
8.9771 9.6014
2.3801 11.1069
-11.5081 14.0726
-12.0520 -12.3746
-1.0137 -10.3906
-4.6705 -9.5397
-11.3511 10.0750
-13.5525 8.6812
3.9019 8.9432
-13.7324 -4.6716
13.9204 -10.3811
13.1583 14.3886
8.4027 11.4004
3.6519 10.3607
-11.5270 0.2737
-1.0058 12.0465
12.0697 -14.7382
0.5733 -14.3802
-7.7724 4.5805
12.1585 -9.7972
2.8338 -0.4344
14.7299 4.9789
1.4553 -13.2171
-9.2815 14.5318
-14.1586 7.7251
4.2094 -4.5107
8.5819 -9.7756
-7.0561 -3.9867
8.2155 1.3029
3.6577 9.7620
-4.7211 6.1315
2.9192 10.7435
-3.0159 -10.7430
11.3942 -3.3759
8.7344 -9.1318
-3.3599 1.5481
-8.6129 0.0337
-7.5711 -10.3667
-13.3964 10.8343
6.7514 -2.2897
-2.4213 14.2592
12.4942 -2.7522
-14.8731 -14.8981
5.8284 -0.8745
12.5188 -12.6279
-6.9111 -4.9973
3.2900 4.7539
-1.8577 10.4809
-2.7628 7.3208
-4.5583 -9.1918
-8.2631 -9.7475
-5.1319 -1.7784
-10.4929 0.0927
-13.1512 -11.0941
13.6925 -4.8280
-9.7706 -2.4567
-8.6865 -7.3250
2.7190 -10.6358
-3.9704 -14.5729
-3.6295 5.9810
-6.3519 -8.6971
-8.6073 -4.4700
-3.3889 7.9655
-1.6446 -7.6608
11.0571 -10.0080
-11.9312 -10.7191
-4.1254 -12.3329
-12.3963 -12.8386
-11.3214 -2.3195
13.3528 -13.0197
-12.8967 -5.6819
-1.4867 -9.9064
-0.0570 -1.6374
-14.6003 2.5557
2.4235 0.1887
-14.3513 11.3231
6.5713 -6.4402
2.4711 14.5723
9.3162 -3.9972
9.6713 6.9822
-13.7508 -14.1606
-5.0668 0.6989
-6.5034 13.4186
-6.1210 14.5037
-5.4291 2.5755
12.0780 -8.2721
9.3364 -2.0420
-0.8679 -8.6203
-13.3170 -8.9616
-5.8384 -9.1404
5.1882 -6.7928
-8.7057 4.8318
-8.0882 -6.3951
-2.7841 -13.4047
4.5989 -1.1730
11.8629 6.1518
7.5731 14.2119
5.1620 -10.4330
-5.9773 5.5050
1.0186 -10.3436
5.4591 9.8754
1.1807 -5.5382
7.2587 6.4040
14.3804 1.3376
11.7217 -1.8700
-1.1585 -11.4045
-9.0286 -0.1882
-10.4187 11.6953
-2.4255 10.9958
12.7197 -4.3261
-10.3736 4.4520
-3.5091 -2.5671
-0.7168 -2.8209
-14.2732 -6.7348
-3.2670 -0.9290
3.3273 11.2045
-9.1127 -11.9425
-4.7662 -1.6839
-9.6224 2.9656
6.7417 -2.3937
11.7169 4.5487
-13.4778 -12.3290
13.4322 12.3025
1.9062 6.4451
-11.1663 10.9157
-9.5792 8.4046
-13.0895 14.9961
4.1164 -8.7058
4.7951 10.5569
12.7524 6.6510
8.9948 5.2702
2.4690 7.6479
-4.4626 -8.9796
-2.9117 -13.7600
5.6874 14.3010
10.4931 -11.7365
-11.3557 -3.9223
13.5040 8.0775
-1.1996 6.8156
1.5345 -4.8475
-6.2862 -4.3534
-12.7279 7.6008
-2.1233 -9.5417
-2.5627 -3.7242
12.3287 -8.7183
9.9524 5.9143
-14.3867 7.8895
11.4068 -6.7820
11.8243 11.6778
-7.6205 8.1719
-2.3114 -2.6842
14.6112 2.9928
-0.6847 6.7081
6.7270 11.5933
12.3586 -7.9954
12.1877 3.0290
9.4785 -1.7729
-9.0460 -9.9409
-10.6538 -5.4504
-4.5471 -9.6884
5.2223 10.0280
13.3278 -2.0744
-12.4242 -8.2141
11.2762 0.7234
-9.8438 2.7716
-7.1942 0.6373
-5.1965 -11.6440
-14.6302 -6.1700
-2.4378 -2.5316
-0.2681 -0.2055
-14.4348 -10.5034
-7.0119 -2.4053
7.9423 -12.4908
-9.0059 -13.5599
0.9077 -1.3318
-10.6306 -2.2531
-14.0352 11.4191
9.6025 -8.8307
7.9597 1.1850
-6.5525 8.3874
-8.6160 -9.5948
-10.2026 2.2152
-0.0269 14.3585
7.4705 5.7125
-12.4863 -8.2208
-0.9725 6.4517
-10.2823 6.0328
6.0242 13.1386
-0.2278 -8.3085
7.6168 -1.4138
9.8149 10.7068
-9.4250 -9.6774
9.0438 10.1652
-10.0454 -3.9726
-8.2109 -9.9710
-5.1581 13.1004
13.1997 -2.3260
-8.1468 -12.0783
-1.3836 -1.7100
9.3908 8.1545
6.7564 -2.8481
10.5804 11.6989
-8.8815 -1.9240
3.5481 -1.9450
12.5098 -9.5394
-6.8099 -3.8683
8.2214 5.3715
-0.7653 13.8151
-1.9196 -10.1712
-12.5486 -1.7713
11.4924 -4.8172
11.2548 14.1416
-1.5550 11.9632
13.1767 -10.1139
8.2899 2.5053
3.5350 -12.6827
-10.8479 -6.8525
-8.6310 -5.2934
-13.0162 14.8540
-4.3098 13.3853
4.9343 -0.6123
10.8165 13.1239
-10.9384 1.1567
-14.3450 13.5512
2.1737 -6.1355
2.7402 -5.8007
2.1330 10.9839
8.2097 -14.7149
1.2600 7.4785
-14.2438 3.7733
-1.6003 14.7813
10.1032 5.8873
7.7333 14.8750
-10.0388 -2.1039
7.1147 -14.5183
11.2081 2.9573
12.0070 0.7614
2.1644 -1.4220
-13.9371 11.6877
-12.2714 -14.3087
-3.6433 -13.3955
-5.1367 7.8522
7.7871 -14.6856
10.3853 -2.1330
3.6495 13.8504
-0.6750 11.3633
7.1453 -4.5532
-0.6063 9.9303
10.1952 14.9013
8.4559 -13.0395
-12.5430 -9.3019
-7.3895 9.0745
4.0006 14.0555
7.6922 -6.7616
3.3846 -6.2342
0.2753 -6.2674
-1.8688 -5.3869
-3.2291 13.9690
11.9640 -8.4019
-14.6703 -7.0045
3.8284 5.2896
8.1202 9.1876
-12.8363 -6.2538
0.9665 10.9716
10.6851 -5.6631
-9.4062 -2.7364
-11.5591 -9.7514
7.0929 7.8104
-11.8075 -0.0387
4.8239 -1.4604
7.7795 4.8599
12.6779 -7.6492
8.1814 -13.5814
13.3374 10.6096
2.6224 -11.7646
3.5244 8.9861
-2.7630 8.7470
1.7303 13.9824
13.3973 9.1093
5.8030 14.5905
13.9354 3.3450
13.7339 -5.6848
14.5880 -5.2490
-7.8261 1.1849
11.9189 13.9813
-6.7871 -6.9302
-14.7010 -10.0767
8.4195 7.3899
-9.9955 13.7409
-3.4851 -4.0271
9.2959 5.4824
-3.3377 7.0410
2.6507 11.2084
13.6272 -0.0424
-1.9018 4.8274
-8.8356 -6.3472
9.1604 -5.1928
12.9621 -9.3864
-10.6366 -5.8731
14.7585 -5.5656
13.1198 8.7648
-3.1384 -2.9831
1.8975 12.0202
12.4351 7.3208
12.6836 5.0082
-1.5588 3.6035
-14.3900 -1.3684
1.8241 10.7057
-1.1434 -7.8511
12.6987 -11.0797
-7.5948 11.6461
-1.9670 7.2282
-12.5064 8.3990
13.3132 -10.9441
7.9130 -9.1708
14.8988 -1.2418
-9.4602 6.9924
1.7810 7.3451
12.1503 -12.5623
-7.2047 -2.1935
2.4233 -14.5718
-9.9819 10.8314
1.8355 9.4291
-3.4037 11.8798
8.9390 -11.5489
-0.1413 12.1284
-10.1906 3.6126
-0.0993 12.6347
-12.4596 6.2482
14.7913 -3.9246
-4.9563 -3.8096
10.2841 10.4438
-2.0411 2.8450
2.3165 -6.2473
8.8523 13.0797
-2.7187 7.8291
-3.5538 9.1500
-9.0377 0.5290
10.7059 7.1020
10.7145 -0.7910
1.2556 12.6806
-12.6396 -1.9030
8.1418 10.6551
-4.3295 -7.8413
-1.9062 -0.1621
-11.3847 0.6872
14.1895 -4.7809
-9.0849 13.5756
-9.0136 5.2434
10.9057 -8.9864
-10.2761 6.4051
0.5155 14.9632
10.6636 -13.9571
-10.1605 4.7589
6.7334 10.2087
-13.0735 -12.6265
-1.8701 -14.7150
8.4710 5.9749
1.0644 11.7173
9.4427 14.4318
12.1638 3.0313
-0.1674 -0.4701
-4.0774 0.5946
8.8446 4.7152
-10.9927 -7.8010
0.5743 -5.2645
-0.7282 14.3856
7.7575 14.2044
6.4105 13.2697
-13.3177 2.7597
-5.3126 9.1066
2.6847 11.1827
-4.6319 11.5792
